$ANSIBLE_VAULT;1.1;AES256
65366637313661646132376661623136643431396532633966326132663732326239626466623965
3138303736393434303263646361363161333861313261370a396335313730316430343361333339
38663266303938383739333532616538336135326561363238373430346663343530623963306238
6662363939383966390a623631333635373230326330326433633233623331313263623331313565
39396562396638633234323738373165366131333539396633393030633966353962333230633364
35646438386434616633383736363961666535653835363933646663353663313430653566396630
36376131316666613062666536313530643862366530316135373339396465376336633037313238
37333065386536313332353565313437626237323132623064346439633064626331656634313333
66373135393333383561363337626233623466383365373337303435326234333262373966653465
30376632643065666236336636643961613136373330666335303538393339626561336161306537
65363066383531376163626566633562346430376132323238623036363763363539663065333233
32393364643431656263643637346339323265373563636632653636356233343432393365326332
64316563323435623863323339616338646334303466613837366263346237363538646138316561
36653430316362323039386231363762666139653662383439323833313462393935346263613761
64663939343766386533646562393565323863626661303265656636653062396536336431313334
66386337643031626630376661613863666536306161346138326362336435643139623866303931
64666237303631633336326366366130323431663561396337373431636332643339646666643335
62383431396539343532393938633732373438373565616335303566376261613664353237353566
376563643332666339633434393739653730
