$ANSIBLE_VAULT;1.1;AES256
61313633636336353831303831346366613865656231323539643832393631326339663039386565
3161333234353461373963306232313036333139623136370a653330323434326133373761353338
35626365653339333166356338373366313262626231323135643061373766656535663234373639
3563383665623337640a303736363062373864363633376564313464383132653730653430633936
62323964323966653133353662653931323264646235346332333462316135373036376464613865
37376137613737653866323663376532373532633437363265303134653033393663323962393937
31656361396138353362373838386536363663636137396538333136623830633434653339383666
32633465626433626539616163306138366532663837653733353363383237646237353666373436
64336565623539333961336239396135333136343130316634316265346462643532386431633738
32643663653238383063613162303236323833663936336433313938613537613762373161623238
32623563396531353831326433626264623962376437643839306563353365303266333033316161
39353162643965353635363738333938346265633239363866633937366265643161623031323766
65666338343031326330306264373033346630393631353963633031346664653537356139363466
62623461303537613730366630353132336338363730313661323139373038373335336537653834
66303438613861356566623835393664363264616537633261316464393337366366303931663662
32663831363837343836663465396434363937356437333163353030346636303364383466363236
32353432346633396663386436366238306435323835656439313865323930663064
