$ANSIBLE_VAULT;1.1;AES256
63336130343831333436393830383861326134643230313432386439636431363664383538306533
3830323533636464363230373433663665653761386137380a643338623935616433336631393735
35663432643964303163646535623364333932343639393232653162366439396130643838646264
3764336461383931310a613538326534373266363466333533363063633439353734323239663232
38363262393737373263626264313030323364633565303166653337383066393364393165326465
30393633613136393264393130366663356430633861346634613861353330656535656461663862
63336238356133623732656333396230306132373462393537646538393966393638356535316431
38656665393261396662633965633838653866623934323439323933613664333161386234306237
34353038663966363265396366396335636230643831323138633665366235383736373162393663
38343231366234393533643764313361626463636565346630616136313432653330393433326536
36633664393330303638356231643336373135343932666331346339616164333939363337363765
61643838393533353433303637373161316538356131666636383531633562343834343839346334
39363931643031393833313836363865336533376662366233333562313038353831613331383436
37366533353061363466643737306538643733616433623162333137353533363533333537636162
64306638626565386464386232643335363036373631346566366665623363393332623965303664
37313664613635636334613431633664323739623030663230656266306536346261386262653439
34666632613130643835316230383035353332393863383966306530626238373565306564326366
66646433333634616632643438326530306562623231363233373838336637386335623664613438
343935366532623833656235376337336430
