$ANSIBLE_VAULT;1.1;AES256
38343761326138393737336361613865653766336235633036353530396530323339316665323363
6230343739326130643536383434316435386565366230610a386238333864376263323665303561
38636464346134396631303330396261393964333864376164333062653761326233313462336335
6230376430613738370a653034656163326238336339376436646436623235653736653764663131
62333966363663663466343931616362656561303263663138643366313138643964623862653533
65303235373837316536393335343165623237363064643238303766616363343866353738363265
33616432333636356365613464313237333536656166653461373563376632303461623535316531
65663763623934323362656165613963643061636132616431663937356364653235643837353062
38306235386532353862333530636461303139303832316537663862353965623032636261313230
36656432323462316465373432323965396139323834643137666463643134366233633463383539
35383430343865373336623333303635326564343866643165353065653637353539366336373830
30383965323431633135323737656665616331643365663664373537656633656332356533393963
3833
