$ANSIBLE_VAULT;1.1;AES256
63666436613561366638623161373565633430623030303936633134393431663763343630613737
3961396361336662623738386139633461633332613234360a363962633430346638383139623762
66393537666436383534373962323565613639346266353865623963626634616435633131356461
6131303837313632620a323231636662656632653666343163616138303364626165313536356431
39323162666336336465323261316266376334353939383430636639663264306130616361633733
35616664636263386532656231323465623839386337346131316463396632313832343763383962
37636632643938353663613038646537336531616331326463633762366135343762353432616565
33393539323830303332653464323561613736643062326233336163316266646236363731333262
39613937333333336232643435316362326138363037323437656163373866306333666537303964
33346463343366313033303530623766316564396665353461316466666531626538383630303064
65316262613634373734623332656364356136393435303537383337613939653562366632623437
65653331396634623965623933616665386365353263646233376663633130313163326365303265
64383630333061343233356565643163626631353961666332323236666639663362346636613962
30303938613633633739373036303161303366623664386562323062313833373733313164393866
65633966616630396333316437643930353336313362303132336633363962303032626364396366
35663637646166653334353339303766366438343136666166626130313935306566316463633535
3133
