$ANSIBLE_VAULT;1.1;AES256
62393862633331326638336461366431623166646537613535316637383132323265376437306638
3537663338653935616638633563613939633430643338340a346463353962653639626462326634
39356139316531353938353166333731366663396137646334303734346636353935633237323436
3439656666313737630a643139633434323035643430623565346339366639353764633537363832
61386139633664346639316663353161346434326330366661393434333037613235373337373566
30326665396262626538636161376539326131383865663030653533393464643834393265613665
63333465366337373336373537653835623431306165313436333365306263323633343962376461
63643037663536663339613766623235316264323238363938663161396132333239396530363730
33383934396231653730306634636365666566356332313938356531646163653835303566313935
30666431316335636438313636346238396163653563333536343265396539306531656462633865
32666165373333646132343432623439363532643732356465303933616139346338626634396539
36366261333563323063323737303534376238633134386635363139373332393863303066666635
30393037623034303433663534356663393366346535303064346563323332323936396534666139
35623033626138366365336566323864383562656435363966316632396532386264333336373631
61336239346636666338373832336330663736366661393235323331333464303838313431383135
30633061346437613831
