$ANSIBLE_VAULT;1.1;AES256
30643537383665616130643238636132303461626432643735343938363830323535353533303632
6130396231323761626161343064316435303365363136610a393465316635636332353564333835
34356531633931316565633661333632393235363062633466363436643865316335353264373730
3835323633653532620a323732303062316666363266326436623333346238396532383762616165
64326336646233616664646535653765353066613036616638393732393537353062393564343365
32666430386164386435626661323662323531313334633134303539363466316135303939653736
35623365303636623135616663346264643232383836663265313763663635623333316532363063
35393939333962303531326233336537366363633130396534326537656661633661613333313930
36353033333736633632396363666366373139366461356436633337653433383766396430343762
34353061646534633165313532346132616637613365356139313036373531323833373538353662
61383131663635626165303534643530316233353638333065326436666632636365336139353630
65333939376231333061356130333364616634383936666335626161323430306132333134306664
31383136663930643434366435356637393337636465626663363564346265316633326537326464
61323466663134653631626162373230633437323934346130373631323764313133616164306437
30663863393039333961663635376163663664663838316336306132343330653764623434396533
35383865623663316433396262313366313465666466303262646433633364306464323061376666
3134
