$ANSIBLE_VAULT;1.1;AES256
32306334653336363730656566666133363830626561666163623030353639613833656334336631
3665356164386166363032613032343862663834386137660a623965303438663863653939363466
32363536393832616231303766643066626234663635386332323434346639393165343739623634
3733653030666138350a333664383239323431316162643965643366373435323933653363353239
39613966353465386666396466643335303563633035656266306463343466346338636431303439
61623730636532383364373337393031363932633536666166626363313837353939353266346238
35383639376231353764353762346163343633646231333061356632653731633238643064623966
36353531313732646131666166626664663036653033326437646633626634626662333333373639
35313433653335623030303665666335383539633961663037636164396630616537666335363632
37666237386263663534666166393265306634306631643861363366363363316463656537613935
64343762346437613362373430336232386264343132626238626133656633353938363761313336
61326162653430316633366566663533613863653532326538666231333463663331356562313735
64333336386265303833303236303538303232613139643363666365646364336631313237666535
62313638363065336331653831613034643332643165396634393833663936663430613165323437
30636531623536376466663062376561613663643532643537656565353264643035363862643533
63353230663361326562386537373535646531326236316333306339323432323137613232373634
3164
